x:1
linename:地铁1号线
sum:28
fromto:莘庄-富锦路
color:#F00030
1	莘庄	121.385373	31.111152
2	外环路	121.393020	31.120899
3	莲花路	121.402910	31.130900
4	锦江乐园	121.414107	31.142217
5	上海南站	121.430041	31.154579
6	漕宝路	121.433143	31.168344
7	上海体育馆	121.437423	31.182813
8	徐家汇	121.436603	31.195514
9	衡山路	121.446424	31.204528
10	常熟路	121.449141	31.213524
11	陕西南路	121.458741	31.215148
12	一大会址·黄陂南路	121.472904	31.223898
13	人民广场	121.475108	31.232687
14	新闸路	121.468151	31.238373
15	汉中路	121.458699	31.241883
16	上海火车站	121.457939	31.249632
17	中山北路	121.459204	31.258891
18	延长路	121.455329	31.271675
19	上海马戏城	121.452023	31.279895
20	汶水路	121.450251	31.292556
21	彭浦新村	121.448642	31.306604
22	共康路	121.447063	31.318936
23	通河新村	121.441546	31.331130
24	呼兰路	121.437711	31.339703
25	共富新村	121.434063	31.355082
26	宝安公路	121.430914	31.369555
27	友谊西路	121.427953	31.381296
28	富锦路	121.424661	31.392260

x:2
linename:地铁2号线
sum:30
fromto:浦东国际机场-徐泾东
color:#90D800
1	浦东国际机场	121.805591	31.150958
2	海天三路	121.796878	31.168459
3	远东大道	121.755301	31.199385
4	凌空路	121.724095	31.192861
5	川沙	121.698210	31.186741
6	华夏东路	121.680972	31.196575
7	创新中路	121.673713	31.213871
8	唐镇	121.656269	31.214107
9	广兰路	121.621072	31.211050
10	金科路	121.601989	31.204213
11	张江高科	121.587490	31.201872
12	龙阳路	121.557634	31.203575
13	世纪公园	121.550909	31.209421
14	上海科技馆	121.544439	31.218820
15	世纪大道	121.527213	31.228682
16	东昌路	121.515556	31.233270
17	陆家嘴	121.502129	31.238259
18	南京东路	121.484628	31.238101
19	人民广场	121.475108	31.232687
20	南京西路	121.459971	31.229853
21	静安寺	121.446533	31.223231
22	江苏路	121.430642	31.220411
23	中山公园	121.415773	31.217948
24	娄山关路	121.404058	31.211158
25	威宁路	121.387285	31.214870
26	北新泾	121.373998	31.216395
27	淞虹路	121.359536	31.218225
28	虹桥2号航站楼	121.326300	31.194211
29	虹桥火车站	121.318950	31.194022
30	徐泾东	121.299204	31.188367

x:3
linename:地铁3号线
sum:29
fromto:江杨北路-上海南站
color:#F0D800
1	江杨北路	121.439819	31.407858
2	铁力路	121.461139	31.408120
3	友谊路	121.475924	31.404016
4	宝杨路	121.479574	31.395315
5	水产路	121.488247	31.381302
6	淞滨路	121.492818	31.370928
7	张华浜	121.498671	31.358016
8	淞发路	121.500390	31.345135
9	长江南路	121.491482	31.332062
10	殷高西路	121.484856	31.320005
11	江湾镇	121.485064	31.305566
12	大柏树	121.483216	31.289433
13	赤峰路	121.482429	31.281247
14	虹口足球场	121.479154	31.271392
15	东宝兴路	121.480202	31.259886
16	宝山路	121.476298	31.251523
17	上海火车站	121.457939	31.249632
18	中潭路	121.441001	31.254568
19	镇坪路	121.429779	31.246369
20	曹杨路	121.417701	31.239302
21	金沙江路	121.413201	31.232147
22	中山公园	121.415773	31.217948
23	延安西路	121.417062	31.209616
24	虹桥路	121.420814	31.197524
25	宜山路	121.427194	31.186717
26	漕溪路	121.438410	31.176746
27	龙漕路	121.444383	31.169458
28	石龙路	121.443205	31.157949
29	上海南站	121.430041	31.154579

x:4
linename:地铁4号线
sum:26
fromto:宜山路-上海体育馆
color:#6030A8
1	宜山路	121.427194	31.186717
2	虹桥路	121.420814	31.197524
3	延安西路	121.417062	31.209616
4	中山公园	121.415773	31.217948
5	金沙江路	121.413201	31.232147
6	曹杨路	121.417701	31.239302
7	镇坪路	121.429779	31.246369
8	中潭路	121.441001	31.254568
9	上海火车站	121.457939	31.249632
10	宝山路	121.476298	31.251523
11	海伦路	121.488697	31.259303
12	临平路	121.500696	31.260874
13	大连路	121.513088	31.257938
14	杨树浦路	121.517210	31.251935
15	浦东大道	121.519302	31.240308
16	世纪大道	121.527213	31.228682
17	浦电路(4号线)	121.532080	31.222285
18	蓝村路	121.527627	31.211672
19	塘桥	121.518690	31.209762
20	南浦大桥	121.499725	31.208504
21	西藏南路	121.489555	31.201967
22	鲁班路	121.475148	31.199221
23	大木桥路	121.463278	31.194057
24	东安路	121.454897	31.190819
25	上海体育场	121.443529	31.185605
26	上海体育馆	121.437423	31.182813

x:5
linename:地铁5号线
sum:11
fromto:闵行开发区-莘庄
color:#904890
1	闵行开发区	121.369712	31.000627
2	文井路	121.380775	31.003597
3	华宁路	121.395255	31.007467
4	金平路	121.410186	31.011282
5	东川路	121.419901	31.018197
6	剑川路	121.416582	31.026483
7	北桥	121.410054	31.045112
8	颛桥	121.401868	31.067013
9	银都路	121.390264	31.089345
10	春申路	121.385818	31.098250
11	莘庄	121.385373	31.111152

x:6
linename:地铁5号线
sum:15
fromto:莘庄-奉贤新城
color:#904890
1	莘庄	121.385373	31.111152
2	春申路	121.385818	31.098250
3	银都路	121.390264	31.089345
4	颛桥	121.401868	31.067013
5	北桥	121.410054	31.045112
6	剑川路	121.416582	31.026483
7	东川路	121.419901	31.018197
8	江川路	121.423474	31.005428
9	西渡	121.432441	30.989350
10	萧塘	121.441857	30.965888
11	奉浦大道	121.448984	30.942055
12	环城东路	121.463204	30.931168
13	望园路	121.483580	30.931940
14	金海湖	121.492506	30.928805
15	奉贤新城	121.496290	30.913916

x:7
linename:地铁6号线
sum:28
fromto:东方体育中心-港城路
color:#D80060
1	东方体育中心	121.480304	31.153366
2	灵岩南路	121.495295	31.148665
3	上南路	121.506447	31.148820
4	华夏西路	121.514539	31.149878
5	高青路	121.515787	31.159907
6	东明路	121.510868	31.172646
7	高科西路	121.509845	31.185761
8	临沂新村	121.516695	31.193202
9	上海儿童医学中心	121.523482	31.203277
10	蓝村路	121.527627	31.211672
11	浦电路(6号线)	121.529351	31.220154
12	世纪大道	121.527213	31.228682
13	源深体育中心	121.534642	31.233004
14	民生路	121.543527	31.235851
15	北洋泾路	121.552314	31.239145
16	德平路	121.564237	31.245400
17	云山路	121.571153	31.250969
18	金桥路	121.581817	31.257084
19	博兴路	121.586689	31.263520
20	五莲路	121.587866	31.272025
21	巨峰路	121.588365	31.280684
22	东靖路	121.588736	31.290684
23	五洲大道	121.589212	31.302569
24	洲海路	121.589396	31.312229
25	外高桥保税区南	121.601963	31.321578
26	航津路	121.593974	31.335371
27	外高桥保税区北	121.586926	31.347802
28	港城路	121.575017	31.353223

x:8
linename:地铁7号线
sum:33
fromto:花木路-美兰湖
color:#FF6000
1	花木路	121.562754	31.211212
2	龙阳路	121.557634	31.203575
3	芳华路	121.550115	31.193110
4	锦绣路	121.540041	31.187592
5	杨高南路	121.524539	31.187613
6	高科西路	121.509845	31.185761
7	云台路	121.500439	31.182212
8	耀华路	121.494605	31.178513
9	长清路	121.487775	31.174452
10	后滩	121.473756	31.171918
11	龙华中路	121.457064	31.184379
12	东安路	121.454897	31.190819
13	肇嘉浜路	121.450212	31.199436
14	常熟路	121.449141	31.213524
15	静安寺	121.446533	31.223231
16	昌平路	121.442617	31.233749
17	长寿路	121.438272	31.240860
18	镇坪路	121.429779	31.246369
19	岚皋路	121.421939	31.256198
20	新村路	121.422668	31.263855
21	大华三路	121.422949	31.274047
22	行知路	121.421770	31.284496
23	大场镇	121.416157	31.293259
24	场中路	121.413458	31.303682
25	上大路	121.408686	31.314969
26	南陈路	121.398419	31.321740
27	上海大学	121.388884	31.320586
28	祁华路	121.373529	31.322388
29	顾村公园	121.373009	31.344594
30	刘行	121.362376	31.357586
31	潘广路	121.355845	31.364182
32	罗南新村	121.357470	31.388831
33	美兰湖	121.349894	31.401889

x:9
linename:地铁8号线
sum:30
fromto:沈杜公路-市光路
color:#00A8F0
1	沈杜公路	121.512272	31.061427
2	联航路	121.510594	31.073567
3	江月路	121.508603	31.084253
4	浦江镇	121.506272	31.096590
5	芦恒路	121.498260	31.119070
6	凌兆新村	121.489663	31.141301
7	东方体育中心	121.480304	31.153366
8	杨思	121.493443	31.161054
9	成山路	121.496220	31.170735
10	耀华路	121.494605	31.178513
11	中华艺术宫	121.493626	31.185242
12	西藏南路	121.489555	31.201967
13	陆家浜路	121.486115	31.211789
14	老西门	121.483793	31.219014
15	大世界	121.479182	31.227392
16	人民广场	121.475108	31.232687
17	曲阜路	121.471543	31.242307
18	中兴路	121.469026	31.253228
19	西藏北路	121.468818	31.263453
20	虹口足球场	121.479154	31.271392
21	曲阳路	121.491138	31.276524
22	四平路	121.501488	31.274880
23	鞍山新村	121.509685	31.273242
24	江浦路	121.518379	31.274946
25	黄兴路	121.528401	31.278814
26	延吉中路	121.534941	31.288543
27	黄兴公园	121.533383	31.295389
28	翔殷路	121.531974	31.305002
29	嫩江路	121.531954	31.314804
30	市光路	121.531933	31.322724

x:10
linename:地铁9号线
sum:35
fromto:曹路-松江南站
color:#60C0F0
1	曹路	121.683153	31.271297
2	民雷路	121.668125	31.268335
3	顾唐路	121.656465	31.266074
4	金海路	121.638629	31.263141
5	金吉路	121.628741	31.264304
6	金桥	121.611336	31.260850
7	台儿庄路	121.597458	31.252825
8	蓝天路	121.577995	31.241028
9	芳甸路	121.558431	31.231845
10	杨高中路	121.548664	31.227510
11	世纪大道	121.527213	31.228682
12	商城路	121.516275	31.230258
13	小南门	121.498398	31.216866
14	陆家浜路	121.486115	31.211789
15	马当路	121.477256	31.209520
16	打浦桥	121.468681	31.206309
17	嘉善路	121.460704	31.202820
18	肇嘉浜路	121.450212	31.199436
19	徐家汇	121.436603	31.195514
20	宜山路	121.427194	31.186717
21	桂林路	121.418064	31.174791
22	漕河泾开发区	121.397769	31.170644
23	合川路	121.384772	31.166542
24	星中路	121.368903	31.158109
25	七宝	121.349221	31.155287
26	中春路	121.337700	31.149415
27	九亭	121.319423	31.137252
28	泗泾	121.260247	31.118272
29	佘山	121.229686	31.104097
30	洞泾	121.230473	31.084492
31	松江大学城	121.232577	31.053984
32	松江新城	121.230739	31.030295
33	松江体育中心	121.230546	31.016006
34	醉白池	121.229361	31.001125
35	松江南站	121.230884	30.984818

x:11
linename:地铁10号线
sum:33
fromto:基隆路-航中路
color:#C0A8D8
1	基隆路	121.590411	31.351311
2	港城路	121.575017	31.353223
3	高桥	121.562971	31.352622
4	高桥西	121.549280	31.351489
5	双江路	121.539425	31.353601
6	国帆路	121.513168	31.339548
7	新江湾城	121.506951	31.328496
8	殷高东路	121.506797	31.321768
9	三门路	121.508340	31.313214
10	江湾体育场	121.513314	31.304293
11	五角场	121.514632	31.298043
12	国权路	121.510024	31.289276
13	同济大学	121.506357	31.282086
14	四平路	121.501488	31.274880
15	邮电新村	121.494247	31.268431
16	海伦路	121.488697	31.259303
17	四川北路	121.484208	31.252035
18	天潼路	121.482321	31.243815
19	南京东路	121.484628	31.238101
20	豫园	121.487426	31.228005
21	老西门	121.483793	31.219014
22	一大会址·新天地	121.475182	31.216367
23	陕西南路	121.458741	31.215148
24	上海图书馆	121.444363	31.207960
25	交通大学	121.435253	31.202213
26	虹桥路	121.420814	31.197524
27	宋园路	121.412080	31.196540
28	伊犁路	121.403899	31.198880
29	水城路	121.392259	31.199482
30	龙溪路	121.380034	31.194400
31	龙柏新村	121.370480	31.176882
32	紫藤路	121.364831	31.169674
33	航中路	121.355336	31.165417

x:12
linename:地铁10号线
sum:34
fromto:基隆路-虹桥火车站
color:#C0A8D8
1	基隆路	121.590411	31.351311
2	港城路	121.575017	31.353223
3	高桥	121.562971	31.352622
4	高桥西	121.549280	31.351489
5	双江路	121.539425	31.353601
6	国帆路	121.513168	31.339548
7	新江湾城	121.506951	31.328496
8	殷高东路	121.506797	31.321768
9	三门路	121.508340	31.313214
10	江湾体育场	121.513314	31.304293
11	五角场	121.514632	31.298043
12	国权路	121.510024	31.289276
13	同济大学	121.506357	31.282086
14	四平路	121.501488	31.274880
15	邮电新村	121.494247	31.268431
16	海伦路	121.488697	31.259303
17	四川北路	121.484208	31.252035
18	天潼路	121.482321	31.243815
19	南京东路	121.484628	31.238101
20	豫园	121.487426	31.228005
21	老西门	121.483793	31.219014
22	一大会址·新天地	121.475182	31.216367
23	陕西南路	121.458741	31.215148
24	上海图书馆	121.444363	31.207960
25	交通大学	121.435253	31.202213
26	虹桥路	121.420814	31.197524
27	宋园路	121.412080	31.196540
28	伊犁路	121.403899	31.198880
29	水城路	121.392259	31.199482
30	龙溪路	121.380034	31.194400
31	上海动物园	121.368137	31.190246
32	虹桥1号航站楼	121.347371	31.191363
33	虹桥2号航站楼	121.326300	31.194211
34	虹桥火车站	121.318950	31.194022

x:13
linename:地铁11号线
sum:32
fromto:嘉定北-迪士尼
color:#781830
1	嘉定北	121.237350	31.391549
2	嘉定西	121.227855	31.377107
3	白银路	121.245350	31.345359
4	嘉定新城	121.254294	31.330062
5	马陆	121.276906	31.319675
6	陈翔公路	121.306787	31.306484
7	南翔	121.323141	31.296952
8	桃浦新村	121.349623	31.281603
9	武威路	121.364678	31.276646
10	祁连山路	121.376035	31.271650
11	李子园	121.389969	31.269020
12	上海西站	121.400926	31.262693
13	真如	121.407219	31.250767
14	枫桥路	121.411402	31.241850
15	曹杨路	121.417701	31.239302
16	隆德路	121.423576	31.230509
17	江苏路	121.430642	31.220411
18	交通大学	121.435253	31.202213
19	徐家汇	121.436603	31.195514
20	上海游泳馆	121.441424	31.179123
21	龙华	121.452958	31.172672
22	云锦路	121.458519	31.166488
23	龙耀路	121.459702	31.159720
24	东方体育中心	121.480304	31.153366
25	三林	121.511796	31.143224
26	三林东	121.522999	31.146459
27	浦三路	121.539005	31.150861
28	御桥	121.570914	31.158131
29	罗山路	121.593152	31.153259
30	秀沿路	121.598390	31.138128
31	康新公路	121.617199	31.130439
32	迪士尼	121.667959	31.141263

x:14
linename:地铁11号线
sum:36
fromto:迪士尼-花桥
color:#781830
1	迪士尼	121.667959	31.141263
2	康新公路	121.617199	31.130439
3	秀沿路	121.598390	31.138128
4	罗山路	121.593152	31.153259
5	御桥	121.570914	31.158131
6	浦三路	121.539005	31.150861
7	三林东	121.522999	31.146459
8	三林	121.511796	31.143224
9	东方体育中心	121.480304	31.153366
10	龙耀路	121.459702	31.159720
11	云锦路	121.458519	31.166488
12	龙华	121.452958	31.172672
13	上海游泳馆	121.441424	31.179123
14	徐家汇	121.436603	31.195514
15	交通大学	121.435253	31.202213
16	江苏路	121.430642	31.220411
17	隆德路	121.423576	31.230509
18	曹杨路	121.417701	31.239302
19	枫桥路	121.411402	31.241850
20	真如	121.407219	31.250767
21	上海西站	121.400926	31.262693
22	李子园	121.389969	31.269020
23	祁连山路	121.376035	31.271650
24	武威路	121.364678	31.276646
25	桃浦新村	121.349623	31.281603
26	南翔	121.323141	31.296952
27	陈翔公路	121.306787	31.306484
28	马陆	121.276906	31.319675
29	嘉定新城	121.254294	31.330062
30	上海赛车场	121.226098	31.331898
31	昌吉东路	121.200384	31.293620
32	上海汽车城	121.180742	31.285403
33	安亭	121.161985	31.288490
34	兆丰路	121.150315	31.289048
35	光明路	121.117186	31.296210
36	花桥	121.104407	31.298790

x:15
linename:地铁12号线
sum:32
fromto:七莘路-金海路
color:#007860
1	七莘路	121.362461	31.131634
2	虹莘路	121.380349	31.137452
3	顾戴路	121.391850	31.140888
4	东兰路	121.391919	31.155826
5	虹梅路	121.397250	31.160350
6	虹漕路	121.410553	31.164033
7	桂林公园	121.419647	31.166985
8	漕宝路	121.433143	31.168344
9	龙漕路	121.444383	31.169458
10	龙华	121.452958	31.172672
11	龙华中路	121.457064	31.184379
12	大木桥路	121.463278	31.194057
13	嘉善路	121.460704	31.202820
14	陕西南路	121.458741	31.215148
15	南京西路	121.459971	31.229853
16	汉中路	121.458699	31.241883
17	曲阜路	121.471543	31.242307
18	天潼路	121.482321	31.243815
19	国际客运中心	121.498158	31.250160
20	提篮桥	121.506801	31.253518
21	大连路	121.513088	31.257938
22	江浦公园	121.523697	31.264570
23	宁国路	121.532352	31.268574
24	隆昌路	121.544692	31.275213
25	爱国路	121.552655	31.279788
26	复兴岛	121.561315	31.280779
27	东陆路	121.579124	31.282533
28	巨峰路	121.588365	31.280684
29	杨高北路	121.602960	31.280092
30	金京路	121.615477	31.279823
31	申江路	121.626863	31.280231
32	金海路	121.638629	31.263141

x:16
linename:地铁13号线
sum:31
fromto:金运路-张江路
color:#F090D8
1	金运路	121.319308	31.240986
2	金沙江西路	121.335156	31.241152
3	丰庄	121.355141	31.242553
4	祁连山南路	121.367275	31.237625
5	真北路	121.381948	31.232235
6	大渡河路	121.394431	31.231752
7	金沙江路	121.413201	31.232147
8	隆德路	121.423576	31.230509
9	武宁路	121.430504	31.234346
10	长寿路	121.438272	31.240860
11	江宁路	121.444830	31.244282
12	汉中路	121.458699	31.241883
13	自然博物馆	121.462366	31.236451
14	南京西路	121.459971	31.229853
15	淮海中路	121.464363	31.220056
16	一大会址·新天地	121.475182	31.216367
17	马当路	121.477256	31.209520
18	世博会博物馆	121.481592	31.197572
19	世博大道	121.484313	31.182789
20	长清路	121.487775	31.174452
21	成山路	121.496220	31.170735
22	东明路	121.510868	31.172646
23	华鹏路	121.526567	31.176276
24	下南路	121.540189	31.179295
25	北蔡	121.552017	31.180131
26	陈春路	121.558194	31.175095
27	莲溪路	121.566414	31.169110
28	华夏中路	121.583109	31.175759
29	中科路	121.602465	31.178862
30	学林路	121.614363	31.183476
31	张江路	121.629182	31.189130

x:17
linename:地铁14号线
sum:30
fromto:封浜-桂桥路
color:#787800
1	封浜	121.297006	31.267488
2	乐秀路	121.314103	31.265363
3	临洮路	121.330860	31.263059
4	嘉怡路	121.345697	31.259195
5	定边路	121.362396	31.256392
6	真新新村	121.371949	31.255566
7	真光路	121.384162	31.253278
8	铜川路	121.397036	31.250733
9	真如	121.407219	31.250767
10	中宁路	121.414541	31.245059
11	曹杨路	121.417701	31.239302
12	武宁路	121.430504	31.234346
13	武定路	121.436157	31.227303
14	静安寺	121.446533	31.223231
15	一大会址·黄陂南路	121.472904	31.223898
16	大世界	121.479182	31.227392
17	豫园	121.487426	31.228005
18	陆家嘴	121.502129	31.238259
19	浦东南路	121.512412	31.238532
20	浦东大道	121.519302	31.240308
21	源深路	121.531016	31.241318
22	昌邑路	121.540104	31.243940
23	歇浦路	121.551506	31.250728
24	云山路	121.571153	31.250969
25	蓝天路	121.577995	31.241028
26	黄杨路	121.591014	31.233998
27	云顺路	121.600336	31.237064
28	浦东足球场	121.615430	31.241645
29	金粤路	121.629016	31.242092
30	桂桥路	121.635087	31.249419

x:18
linename:地铁15号线
sum:30
fromto:顾村公园-紫竹高新区
color:#C0A890
1	顾村公园	121.373009	31.344594
2	锦秋路	121.381765	31.320184
3	丰翔路	121.380872	31.308218
4	南大路	121.380346	31.299263
5	祁安路	121.384813	31.291558
6	古浪路	121.392217	31.284509
7	武威东路	121.392094	31.275647
8	上海西站	121.400926	31.262693
9	铜川路	121.397036	31.250733
10	梅岭北路	121.396997	31.243301
11	大渡河路	121.394431	31.231752
12	长风公园	121.396320	31.225254
13	娄山关路	121.404058	31.211158
14	红宝石路	121.398372	31.198863
15	姚虹路	121.406405	31.191550
16	吴中路	121.413905	31.184345
17	桂林路	121.418064	31.174791
18	桂林公园	121.419647	31.166985
19	上海南站	121.430041	31.154579
20	华东理工大学	121.428990	31.144257
21	罗秀路	121.435806	31.131552
22	朱梅路	121.437804	31.124364
23	华泾西	121.440138	31.113429
24	虹梅南路	121.433059	31.103839
25	景西路	121.418760	31.099727
26	曙建路	121.417897	31.090625
27	双柏路	121.421750	31.083214
28	元江路	121.431901	31.062815
29	永德路	121.443203	31.039147
30	紫竹高新区	121.451221	31.023190

x:19
linename:地铁16号线
sum:13
fromto:龙阳路-滴水湖
color:#30D8C0
1	龙阳路	121.557634	31.203575
2	华夏中路	121.583109	31.175759
3	罗山路	121.593152	31.153259
4	周浦东	121.606895	31.110038
5	鹤沙航城	121.611239	31.077797
6	航头东	121.617494	31.054919
7	新场	121.648980	31.045561
8	野生动物园	121.699218	31.050325
9	惠南	121.761677	31.053828
10	惠南东	121.793800	31.026448
11	书院	121.850520	30.959264
12	临港大道	121.910851	30.923519
13	滴水湖	121.929583	30.907245

x:20
linename:地铁17号线
sum:13
fromto:虹桥火车站-东方绿舟
color:#A87860
1	虹桥火车站	121.318950	31.194022
2	诸光路	121.293040	31.191678
3	蟠龙路	121.278645	31.186328
4	徐盈路	121.253976	31.178101
5	徐泾北城	121.241668	31.175518
6	嘉松中路	121.223916	31.164099
7	赵巷	121.192279	31.161247
8	汇金路	121.151665	31.161221
9	青浦新城	121.125670	31.158925
10	漕盈路	121.096889	31.160467
11	淀山湖大道	121.082134	31.134460
12	朱家角	121.048989	31.100594
13	东方绿舟	121.019534	31.098544

x:21
linename:地铁18号线
sum:26
fromto:长江南路-航头
color:#D8A860
1	长江南路	121.491482	31.332062
2	殷高路	121.495560	31.321705
3	上海财经大学	121.496332	31.307672
4	复旦大学	121.499529	31.296349
5	国权路	121.510024	31.289276
6	抚顺路	121.515793	31.283664
7	江浦路	121.518379	31.274946
8	江浦公园	121.523697	31.264570
9	平凉路	121.526701	31.259038
10	丹阳路	121.531160	31.253815
11	昌邑路	121.540104	31.243940
12	民生路	121.543527	31.235851
13	杨高中路	121.548664	31.227510
14	迎春路	121.550998	31.221002
15	龙阳路	121.557634	31.203575
16	芳芯路	121.559226	31.191158
17	北中路	121.561355	31.182762
18	莲溪路	121.566414	31.169110
19	御桥	121.570914	31.158131
20	康桥	121.567306	31.134239
21	周浦	121.567613	31.114129
22	繁荣路	121.570547	31.102554
23	沈梅路	121.580589	31.091115
24	鹤涛路	121.585960	31.071860
25	下沙	121.588988	31.054396
26	航头	121.596083	31.037305

x:22
linename:磁悬浮
sum:2
fromto:浦东国际机场-龙阳路
color:#FAA45D
1	浦东国际机场	121.805591	31.150958
2	龙阳路	121.557634	31.203575

x:23
linename:浦江线
sum:6
fromto:沈杜公路-汇臻路
color:#376C8B
1	沈杜公路	121.512272	31.061427
2	三鲁公路	121.527389	31.056108
3	闵瑞路	121.530323	31.047956
4	浦航路	121.530591	31.040993
5	东城一路	121.532093	31.030390
6	汇臻路	121.524558	31.025245
